// Melee | Range | Buff | Nerf
    1,      0,      0,      0
    0,      1,      0,      0
    0,      0,      0,      1
    3,      0,      0,      0
    3,      2,      0,      0
    3,      2,      0,      1
    3,      3,      0,      2
    5,      3,      0,      3
	3,      2,      0,      1
	5,      1,      0,      1
	7,      2,      0,      1
	8,      1,      0,      2
	2,      5,      0,      2
	1,      5,      0,      3
	0,      15,     0,      0
	3,      5,      0,      5
	5,      2,      0,      4
	7,      5,      0,      3
	9,      3,      0,      2
	7,      5,      0,      1
	3,      5,      0,      2
	1,      9,      0,      3
	8,      5,      0,      4
	5,      2,      0,      5
	4,      3,      0,      4
	7,      7,      0,      3
	8,      3,      0,      2
	9,      5,      0,      1
	9,      9,      0,      9